# Stage-four approved background-normalization results.
# Each item was visually checked against the source; unlisted images stay unchanged.
84
86
125
132
149
160
161
162
171
183
184
185
190
199
200
201
205
206
207
208
209
211
580
595
596
1263
1275
1276
1277
1278
1279
1311
1312
1313
1314
1321
1322
1323
1324
1328
1340
1341
1342
1347
1348
1349
1350
1351
1352
1353
1358
1359
1360
1367
1368
2317
2318
2344
2360
2361
2362
2363
2364
2378
2711
2712
2718
2720
2738
2743
2744
3124
3125
3453
3454
3455
3456
3457
3458
3459
3460
3461
3465
3467
3470
3652
3777
3778
3820
3821
3831
3840
3843
3844
3845
3849
3853
3855
3860
3889
3890
3995
4218
4219
4233
5759
5762
5767
5784
5878
5881
5888
5907
5924
5925
5926
